994
556 700
1126 1319
557 605
501 636
280 330
990 1060
115 329
274 540
1114 1412
190 220
783 795
200 305
198 238
998 1277
823 1052
249 307
1281 1304
599 749
1047 1262
682 858
912 971
1221 1434
132 281
771 849
505 754
704 742
1273 1433
515 531
552 834
1251 1430
44 119
745 945
241 360
1094 1116
812 1090
927 1173
163 431
423 477
1143 1233
848 870
94 119
291 425
1042 1148
782 1035
551 581
960 1259
437 650
810 1036
829 870
527 786
379 538
516 721
568 846
468 488
369 640
1268 1392
1033 1091
998 1083
694 858
1108 1372
67 122
932 981
1221 1362
870 1042
508 665
1265 1432
126 374
394 488
1292 1432
325 572
271 448
332 534
608 763
965 1079
525 627
928 1063
372 613
197 455
1171 1275
264 373
941 1023
350 451
515 580
409 559
546 763
859 1060
129 196
430 472
1012 1298
1038 1248
1104 1260
382 662
402 636
1214 1276
1289 1321
1225 1430
762 973
544 708
977 1163
973 1114
941 1179
958 1251
234 341
559 835
90 191
478 622
881 970
417 711
1232 1286
1098 1216
1283 1305
540 677
546 745
1069 1206
970 1138
908 975
272 463
1014 1045
695 804
357 536
461 740
1237 1360
136 386
1060 1238
390 421
146 357
123 143
741 967
422 567
546 588
838 929
611 905
1011 1107
130 296
420 720
1096 1215
1087 1341
133 255
218 432
1017 1120
601 706
704 801
62 273
60 234
465 671
949 1107
190 314
346 626
739 904
878 1148
410 710
1296 1361
672 945
964 1228
446 582
53 107
52 89
1192 1245
1038 1217
316 614
36 328
1291 1352
1122 1351
1030 1217
962 1259
877 1176
1058 1132
1257 1418
164 268
455 611
163 377
997 1161
255 340
1186 1353
1151 1228
234 401
317 352
538 600
240 390
950 1216
914 1021
385 526
739 753
1037 1325
1291 1395
1179 1339
930 1047
1018 1111
712 931
811 980
822 862
843 907
723 865
1141 1435
675 735
96 382
1170 1419
1000 1132
1186 1269
99 352
694 754
394 489
1148 1302
821 1067
377 657
746 984
123 330
643 752
450 467
308 406
766 801
1146 1331
363 414
494 720
17 217
1223 1437
1 141
874 950
16 190
820 1105
868 975
497 513
90 355
496 592
933 1187
725 1011
910 1145
363 659
533 815
1283 1346
265 375
451 478
1023 1112
1242 1435
1027 1179
284 329
1001 1189
552 645
748 1039
1268 1379
246 528
795 1059
834 907
1244 1422
640 651
612 882
802 1099
583 851
1006 1073
586 822
873 902
705 808
260 560
7 307
537 797
121 394
1263 1342
939 1105
733 1007
85 123
954 1237
1257 1311
564 697
670 785
498 795
57 86
295 333
99 156
585 796
383 631
534 823
33 265
170 402
1154 1256
293 354
1080 1295
1018 1297
5 161
134 278
277 435
299 389
1127 1326
1268 1430
959 1015
80 185
48 272
678 909
971 1032
370 664
23 80
847 1118
959 1026
1192 1273
1214 1243
109 377
603 675
16 179
904 1160
1264 1352
90 345
962 1095
132 193
1266 1402
905 1157
422 662
178 300
965 1072
354 509
682 843
747 870
272 423
1152 1320
228 347
786 839
1253 1438
237 258
1232 1377
185 375
1160 1228
481 669
1191 1351
310 477
769 967
85 253
833 969
111 206
670 786
1008 1292
94 129
165 226
845 952
1116 1242
626 637
1109 1246
705 806
1068 1323
1210 1365
504 755
313 533
5 143
1162 1296
148 320
1025 1268
800 1031
1117 1398
456 576
654 813
824 1074
1052 1227
718 967
751 898
237 463
393 644
1159 1340
996 1123
570 769
203 498
274 296
1119 1355
484 761
97 197
910 933
139 209
912 1189
1075 1287
971 1248
207 284
358 648
101 279
936 1223
1041 1079
1172 1398
989 1148
746 763
994 1055
846 1112
908 1112
381 553
512 536
1218 1396
1235 1433
1 115
67 283
1107 1245
45 280
939 1138
877 914
717 796
456 527
818 895
719 762
1196 1261
1097 1162
137 151
1020 1140
1006 1203
496 578
710 919
589 798
915 1077
749 832
1080 1198
407 448
670 769
639 696
1187 1347
284 514
875 929
860 1112
134 350
1228 1385
1194 1436
1245 1273
768 873
1121 1241
463 605
459 674
603 702
138 294
647 776
868 963
63 258
676 704
215 453
21 206
144 311
202 434
713 1001
288 339
951 1185
278 334
1114 1220
464 505
42 123
779 965
1241 1394
852 960
697 859
105 266
913 951
404 677
1130 1199
138 428
908 954
903 920
464 551
761 921
113 379
574 770
275 365
280 360
717 783
1034 1304
599 837
648 777
858 886
1149 1272
421 636
85 325
406 433
982 1158
977 1169
112 320
1120 1253
1285 1437
413 474
1103 1321
872 1020
1048 1314
967 1142
376 605
1137 1345
567 663
110 314
103 386
479 699
1144 1195
1035 1176
78 234
1281 1432
769 796
384 431
275 293
853 952
957 1152
661 772
385 543
318 440
498 657
508 642
1036 1307
65 214
1032 1204
76 126
804 1035
22 113
1260 1320
305 554
640 766
380 399
522 719
609 687
73 162
350 524
720 939
924 1025
825 845
443 511
233 276
142 233
69 292
783 814
285 412
1193 1291
1108 1231
1110 1344
999 1173
1169 1210
68 208
22 184
334 434
143 287
668 823
597 794
529 569
353 388
531 727
580 686
1078 1350
236 317
1070 1229
458 472
989 1158
607 726
522 755
129 275
999 1061
193 263
893 1133
690 729
226 382
776 1035
855 995
319 446
1138 1275
887 1000
1003 1059
724 833
593 749
881 971
279 341
862 1092
791 934
346 505
1120 1196
1154 1419
1225 1393
816 837
400 560
1149 1334
152 298
382 672
971 1017
172 224
1203 1436
940 1078
140 156
852 1135
875 1136
691 875
925 1038
70 351
1155 1425
718 846
803 826
312 524
253 312
947 1131
611 854
655 861
83 347
629 679
1020 1191
55 230
196 288
164 198
292 367
584 682
505 673
1132 1159
75 190
1197 1306
763 995
750 782
1252 1431
956 1103
698 782
303 533
1264 1389
682 867
300 399
258 299
905 938
208 264
374 525
1274 1396
712 977
339 623
1059 1080
1099 1140
41 307
1203 1308
527 557
862 1137
34 61
938 1080
187 479
774 1053
969 1144
611 785
1237 1299
686 924
350 504
749 862
1119 1415
632 761
1066 1293
292 462
762 812
29 259
1220 1348
636 816
1224 1368
182 201
42 195
214 512
200 280
275 323
616 681
1255 1273
535 578
43 200
3 77
1047 1103
1061 1178
1094 1232
728 882
826 947
4 92
1170 1434
664 950
1025 1035
93 392
410 461
270 289
1155 1430
1169 1433
1030 1272
1119 1279
157 202
784 871
1075 1131
257 387
278 319
1185 1195
97 114
374 536
767 820
1116 1366
282 509
1286 1435
865 980
895 1187
1070 1153
233 471
1088 1264
1262 1301
1297 1432
458 538
1008 1204
65 347
355 500
208 498
847 872
216 467
1256 1431
681 735
571 624
594 631
951 1237
1021 1274
12 192
478 493
1242 1436
1248 1421
838 926
847 982
1156 1424
442 585
663 804
166 451
494 588
109 339
764 1063
610 890
828 1056
83 265
918 1031
1076 1229
375 466
74 115
904 1024
339 524
1154 1433
989 1062
682 711
513 795
687 943
1024 1203
634 674
935 996
586 652
301 560
976 1177
1055 1209
958 1073
325 507
1228 1402
670 884
284 445
352 413
1089 1145
522 614
719 805
1094 1186
1117 1223
969 1017
545 796
800 935
1221 1438
1288 1430
793 1023
453 506
1085 1295
708 972
1127 1210
511 561
1216 1315
631 848
490 748
92 113
120 349
1175 1433
1251 1435
97 150
739 1000
1082 1342
1036 1264
831 1109
29 212
566 858
535 591
721 952
103 378
1081 1313
1224 1380
689 729
355 516
183 311
1007 1108
277 433
484 755
66 119
1100 1205
30 203
449 524
1060 1225
394 688
303 602
64 216
288 568
1205 1374
998 1194
1207 1231
1031 1157
483 590
1256 1274
167 363
172 207
239 523
150 263
639 770
670 728
776 868
413 445
925 1136
278 342
662 861
796 822
466 676
1118 1260
730 800
727 910
1296 1438
267 447
836 919
1285 1430
1186 1435
513 617
1254 1435
499 796
309 407
1156 1179
803 824
16 228
187 330
743 838
371 466
132 265
369 636
637 878
360 641
928 1185
7 90
167 232
488 742
1289 1438
906 1106
821 1055
912 1051
440 627
940 956
437 733
1149 1310
300 435
14 69
1075 1212
697 767
437 482
1264 1435
1221 1434
131 426
21 147
1010 1129
1282 1434
591 700
243 335
25 313
241 486
566 787
132 426
852 978
814 1045
136 197
567 697
376 662
1136 1277
304 515
65 264
599 644
30 177
100 347
527 568
645 799
782 896
248 318
170 286
688 955
523 542
552 726
670 832
213 430
843 1140
915 941
123 332
870 1062
587 772
765 897
610 699
1285 1437
667 901
1243 1355
633 842
137 418
101 303
396 500
1070 1124
331 538
122 422
101 169
332 536
454 538
654 743
746 1026
963 1052
647 763
1265 1396
570 841
35 173
852 869
256 396
272 478
298 546
33 71
1181 1433
160 383
309 528
1102 1138
470 756
328 400
94 138
535 561
528 728
761 954
176 404
123 137
646 792
418 537
683 722
139 394
541 653
80 119
512 733
1272 1432
190 323
524 694
687 786
1004 1296
43 203
472 567
176 201
220 360
765 880
1179 1315
765 793
915 932
986 1016
318 578
674 789
1131 1423
41 234
729 973
1113 1244
1131 1267
71 206
602 898
1088 1104
1243 1270
1104 1289
1044 1066
1247 1429
260 492
625 880
291 548
208 489
1218 1346
1086 1358
871 920
150 410
1042 1159
1233 1314
1269 1431
374 437
949 1150
496 553
290 522
340 547
273 530
234 517
424 461
861 1103
250 444
56 332
593 729
964 1024
1152 1348
883 1108
384 475
388 408
616 859
171 353
1006 1199
611 630
312 590
859 1053
209 351
209 312
1283 1433
432 622
60 211
881 1128
586 614
70 222
445 468
